  24  31  60  36  28  44  12   0  20  52  69  52   0   0   0   1   4   4   4   0  20  16  24   4   4   4   0   0   4  44   4  15   1  24   0   0   0   0   0   0   0   0   0   5   0   0   0   0   0   0
  28  29  48  24  60  56  32  12   4  24  24  40   4   0   0   0   0   0   0   0  48  32  16   4   8   8   8  16   8   4   0   0   0   0  24   0   0   1   0   0   0   0   0   0  16   0  16   0   0   0
  36  40  48  20  24  12  52  36  60  20  12  12   4   0   4   0   8   4   0   4  80  76  12   0   0  20  16   0   0   0   0   0   0   0  40   0   0   0   0   0   1   4   0  20   8   0   0   0   0   0
  28  32   8  16   4  32   0   8   4  32  12   4   1   0   4   0   8  31   4  12  28  64  12   0   8  16   8   8   0   0   0   0   1  16   8   0   0   0   4   0   0   4   0  13   8   4  16   1   0   1
  32  28  19  24   8   0  12   8   0  12  13   0   0   0   0   0  12  31   4  36   0   0   0   0   0   4   0   4   0   0   0  12  40   8   0   0   0   8   4   0   0   0   0   0   0   0   9   4   0  12
  28  36  44  12   0   0  28  16  12   0   0   0   8  20  24   0  12  16   0  16   0   0  24  45   0   0   0   8  32  24  12  16   4  12   0   0   0  12   0   0   0   0   0   4   0   4  16   0   4   0
   0  12  44  57   4  20  16   4   0   0   0   0   0   0   8   4  12   8   1   8   0   0   0   0   0   0  21  28   8  35   1   0   0   0   0   0   0   8   4   0   0   4   5  20   0   0   0   0   0   0
   0   0   8  48  36  16   4   4   0   0   0   0   1   4   8   4   8   0   0   0   0   0   0   0   0   4  28   8  24   0   0   0   1   0   0   0   1   4   0  16  20   8   0   4   8  12   0   0   0   0
   0   0  12  60  41  68   8   0  12   8   8  12   0  12   0   0   0   4   0   5   4   0  12  40  21  36  28  29   9   0   0   1   0   0   0   0  16   8   4   8  24   8   0   1  24  12   0   0   0   0
   0  12   0  52  40  64  48  20   0  17   4  16   9   5   8   0   0   4   0  28  12   4  25  48  40  48  20   8   0   0   0   8  24  12   0   0   0   7   8   4  20  32   0   8   4   0   0   0   0   0
   0  16   8  28   8  40  52   8   0   0   8   4  12  40  32   0   4   0   8   8   4   0  25  24  12  31  32  20   0   0   1   0  28   4   0   0   0   4   0   0   0  16   0   0   0   0   0   0   0   0
   0  12  40  28  63  72  40  23   0   0   4   8   4  44  20   0   4  32  32  37  21   4  24  16  24  28  32  16   0   0   0   4   1   0   0   0   0   0   0   1   0   0   0   0   0   0   0   0   0   0
   4  32  52  44  32  52  72  40  32   8   4   1   5  44  28  16  16  24   0   0  12  36  21   0   0   8  12   8   0   0   8  25  32   4   0   0   0   0   0   0   4   0   0   0   0   0   0   0   0   0
   4   4  16  24  32  16  44  40  12  20   8   4   0  20  12  24   8   0   0   0   4  19   8   4   4   0   5  32  16   8  11   0   0   0   1   0   0   0   0   1   0   0   0   0   0   0   0   0   0   0
  12  12  12  20  20  16   4  16  16  28  36  32  16  28  36  36  40  12   0   4   0  20  12   0   0   0   9  17  20  40   4   0   0   0   0   0   0   0   0   0   0   0   0   0   0   0   0   0   0   0
   0  24  12  16   8   0   0   0   0   4   4  16  24  52  52  32  12  16   4   0  36   8   0   9  12  52  41  48  20   8   4   0   0   0   0   0   0   0   0   0   0   0   0   0   0   0   0   0   0   0
   0  12   4   4   4   4   1   0   1   0  12  12  16  20  23  40  17  16   0   0  12   4  16   4  20  44  16  12  28   4  36  16   0   0   0   0   0   0   0   0   0   0   0   0   0   0   0   0   0   0
   0  20   8   8   4   0  12   8   4   0   0  12  48  51  24  31   8   0   1   4  20  12  12  16  16  24   8   0   7  52  20  24  16   0   0   0   0   0   0   0   0   0   0   0   0   0   0   0   0   0
   0   0   0  12  12  16  12   0   0   0   0   0   8  28   8  12   0   0   0  40  32  12  24  20   0   4  52  24  36   8   0   0   0   0   0   0   0   1   0   1   0   0   0   0   0   0   0   0   0   0
   0   0   0   4  16  20  16   0   0   0   0   1  17  36   4  16   5   0   0  21  20   4   8   0   0  16   7  16  24  17   4   0   0   0   0   8   0   0   0   0   0   0   0   0   0   0   0   0   0   0
   0   0   0  40  28  28  24   4   4   0   4   4  16  28  44  32   4  12   0   4   8   0   0   0   0   0   4   0  20  40   0   0   0   0   0   0   0   0   0   0   0   0   0   0   0   0   0   0   0   0
   0   0   0  12  16  20  16  20   0   0  12   0   8   4  21   4  32   4  16  48  28  12   0   0   0   8  24  28  48   4   0   0   0   0   0   0   0   0   0   0   0   0   0   0   0   0   0   0   0   0
   0   0   0   0  24  24  32  16   8   8   0   0   0   4   4   0   0  28  32   4  24  12  12   0   0   0  12  12  12   3   0   0   0   0   0   0   0   0   0   0   0   0   0   0   0   0   0   0   0   0
   0   0   0   0  24  28  13  28  24   0   8   0   0   0   0   0   0   8   0   0   0  20  32   4  32  11  48  37   8   0   0   0   0   0   0   0   0   0   0   0   0   0   0   0   0   0   0   0   0   0
   0   0   0   0   8   4  20  36  32   0   4   4   0   0   0   0   0   0  12   0   0   0   0  24  20  32  12  44  16   0   0   0   0   0   0   0   0   0   0   0   0   0   0   0   0   0   0   0   0   0
   0   0   0   0   8   8  31   8  16  12  12  20   0   0   0   0   0   0   8   0   0   0   0   4   8  12  16  16   0   0   1   0   0   0   0   0   0   0   0   0   0   0   0   0   0   0   0   0   0   0
   0   0   0   0   0  16  24  12  36  28  12   0   0   0   8   0   0   0   0  32   0   0   0  20  16   4  52  12   0   0   0   0   0   0   0   0   0   0   0   0   0   0   0   0   0   0   0   0   0   0
   0   0   0   0   4  16  12  29  48  28  12   4   0   0   8   0   0   0   8  28   0   0   7  32  20   8  28   0   0   0   0   0   0   0   0   0   0   0   0   0   0   0   0   0   0   0   0   0   0   0
   0   0   0   0   0   4  24  40  21  24  16  16   0   0   0   0   0   0  12  36   0   1   7  33   4  48  31   0   0   0   0   0   0   0   0   0   0   0   0   0   0   0   0   0   0   0   0   0   0   0
   0   0   0   1   1  28  32  20  40  24  40   8   0   0   0   0   0   0   8  28  12   0  40  28   0  24   0   0   0   0   0   0   0   0   0   0   0   0   0   0   0   0   0   0   0   0   0   0   0   0
   0   1   0   0   0  28   0  24  20  12  11   4   0   8   0   0   0   0   0  12  40  40  36  32   8   8   0   0   0   0   0   0   0   0   0   0   0   0   0   0   0   0   0   0   0   0   0   0   0   0
   1   0   0   0   0  28   0  12  28  16   0   8   4   0   0   1   0   4   0   0  16  24  24  16   0   0   0   0   1   0   0   0   0   0   0   0   0   0   0   0   0   0   0   0   0   0   0   0   0   0
   0   0   0   0   0  16  29  32  28   0  20  52  16   8   0   0   0   0   0   1  27  44  12  16   4   0   0   0   0   1   0   0   0   0   0   0   0   0   0   0   0   0   0   0   0   0   0   0   0   0
   0   0   0   0   0   4  40  20   5   0  16   4   4   4   0   0   0  15   0   0  12   0  48  16   4   0   0   0   0   0   0   0   0   0   0   0   0   0   0   0   0   0   0   0   0   0   0   0   0   0
   0   0   0   0   0   0  12  12  28   4  12  15  16   7   0   0   0   0   0  23  44  12   8  24   4   0   0   0   0   0   0   0   0   0   0   0   0   0   0   0   0   0   0   0   0   0   0   0   0   0
   0   0   0   0   0   0  12   8   4  12  24  24   8   0   0   0   4   4   4  12   0   8   8   5   5   4   0   0   1   0   0   0   0   0   0   0   0   0   0   0   0   0   0   0   0   0   0   0   0   0
   1   0   0   0   0   0   0   0  40  12  24  28   8   0   0   0   1  28   4   4  16  11   8   0   0   8   4   0   0   0   0   1   0   0   0   0   0   0   0   0   0   0   0   0   0   0   0   0   0   0
   0   0   0   0   0   0   0   0  28   8   4   4  16   4  12  20  24   8   0  16   4   0  36   4   4  12   0   1  12   0   0   0   0   0   0   0   0   0   0   0   0   0   0   0   0   0   0   0   0   0
   0   0   0   0   0   0   0   0  12  16  32  12  15   8   8  24  32   8   0   0   0   8  24   0   0  12   4   0   0   0   0   0   0   0   0   0   0   0   0   0   0   0   0   0   0   0   0   0   0   0
   0   0   0   0   0   0   0   0   0  20   8   4   8   8  12  13   8   0   0   0   8   0  12   0   0   1   0   0   1   0   0   0   0   0   0   0   0   0   0   0   0   0   0   0   0   0   0   0   0   0
   0   0   0   0   0   0   0   0   0   8  32   0   0   7  16   1   4   0  16   4   1   0  28  16   0   4   0   0   0   0   0   0   0   0   0   0   0   0   0   0   0   0   0   1   1   0   0   0   0   0
   0   0   0   0   0   0   0   0   0   0   8   4  12  12   4   4   4   0   0  20   4   0  32  52   4   0   1   0   0   0   0   0   0   0   0   0   0   0   0   0   0   0   0   0   0   0   0   0   0   0
   0   0   0   0   0   0   0   0   0   0   4  16  12   8   8   8   4   0   0   8   4   0   8  24   8   0   0   0   0   0   0   0   0   0   0   0   0   0   0   0   0   0   0   0   0   0   0   0   0   0
   0   0   0   0   0   0   0   0   0   0   0  12  28  32  28   8   0   0  12   4  11   0  21  16  32  28   0   4  16   0   0   0   0   1   0   0   4   0   0   0   4   4   0   1   0   0   0   1   0   0
   0   0   0   0   0   0   0   0   0   0   0   1   0  32  28   8  16   4   0  11   0   4   0   4  16  20  33  36   0   0   0   0   0   0   0   0   4   8   0   0   0   4   0   0   0   0   0   0   0   0
   0   0   0   0   0   0   0   0   0   0   0   0   0   5   0   4  24   0  11  12   0   0  12   0   0   4  36   4   4   0   0   0   0   0   0   0   0   0   0   0   0   0   0   0   0   0   0   0   0   0
   0   0   0   0   0   0   0   0   0   0   0   0   0   0   4  32  15   4   8  32  12  16   4  16   4   0  12  24   0   0   0   0   0   0   0   0   0   0   0   0   0   0   0   0   1   0   0   0   0   0
   0   0   0   0   0   0   0   0   0   0   0   0   0   0   0  20  21  20   8   0   4  28  48  12   4   3   8  40   8   0   0   0   0   0   0   0   0   0   0   0   0   0   0   0   0   0   0   0   0   0
   0   0   0   0   0   0   0   0   0   0   0   0   0   0   0   0   5  24  32   4   8   8   4  11   0  16  24  36   4   0   1   0   0   0   0   0   0   0   0   0   0   0   0   0   0   0   0   0   0   0
   0   0   0   0   0   0   0   0   0   0   0   0   0   0   0   0   0   8  16  12  12  12   4  32  28  12  24  24  12   0   0   0   0   0   0   0   0   0   0   0   0   0   0   0   0   0   0   0   0   0

