 0   0   8   1   0   0   0   0   0   0   0   0   0   0   0   0   0   0   0   0   4  32  36  80  64  76  80  40  44  24  20   3  21  28  32  60  59  64  52  52  36  24  48  25  36  20  16  56  16  72
   0   1   0   0   0   0   0   0   0   4   0   0   0   0   0   0   0   0   0   0   0  32   0   0  12   8  24  20  12   0   0   0   0   0   4  28  56  76  24  44  56  45  28  40  28  24  40  44  28  16
   0   0   0   0   0   0   0   0   0   0   0   0   0   1   0   0  12   4   0   0   4   0   0   0   0   0   0   0   0   0   0   0   0   0  23  63  44  76  36  51  64  52  48  35  16  32  64  64  73  92
   0   0   0   0   0   0   0   1   0   0   4   1   0   0   0   0   0  12   0   0   0   0   0   0   0   0   0   0   0   0   1   0   0   0  40  24  40  72  48  48  56  56  56   8  13  24  40  52  28  44
   1   0   0   0   0   0   0   0   0   0   0   0   0   0   0   0   0   8   0   0   0   0   0   0   0   0   0   0   0   0   0   1  19  24  24  48  52  36   8  12  24  28  40  44  37  16  36  36  29  36
   0   0   0   0   0   1   0   1   0   0   0   0   0   0   0   0  13  24   0   0   0   0   0   8   0   0   0   0   1  24   8  20  43  36  60  60  48   8   1   0   8  64  20  28  32  44  52  72  28  39
   4   4   0   0   0   0   0   0   0   0   0   0   0   0   0   0   0   5   0   0   0   0   0   0   0   0   0  16  60  32  28  44  64  56  68  48   8  24   0   0   0  12   0  28  72  52  52  56  76  48
   8   0  12   0   0   0   0   0   0   0   0   0   0   0   0   0   0   0   0   1   0   1   0   0   0   1  12  40  36  68  44  68  80  48  44  56  24  36  12   0  20  24  28  20   0  24  56  48  52  72
   8   0   8   1   1   0   0   0   0   0   0   0   0   0   0   0   0   0   0   0   0   0   8   8   0   8  36  20  24  64  55  93  88  52  52  56  32  60  68  36  28  32  24  48  24  44  96  92  76  80
  16   0   0   0   0   0   0   0   0   0   0   0   0   0   0   0   0   0   0   0   0   0  36  36  28  36  44  12  40  68  72  60  68  28  56  36  36  72  24   4  16  35  56  48  72  68  52  76  64  64
   4   0   1   0   0   8   0   0   0   1   0   0   0   4   4   0   0   0   0   0   0   0  28   8  12  28   8   4  60  80  64  68  28  44  32  24  20  32  36  12  52  28  28  28  76  52  52  44   8  12
   8   0   0   0   0   0   0   0   0   0   1   1   0   0   0   0   1   0   0   0   0   1  20   8  24  48   0   9  48 100  64  52  32  60  24  56   0  44  56  40  55  28   4  73  60  76  84  56  32  64
  13   0   0   0   0   0   0   0   1   0   0   0   0   0   0   0   1   0   1   0   4  12   8  60  36  56  47  64  76  60  28  24  25  28  56  80  36  84  52  56  76   8   8  89  92  64  72  48  52  84
   8   0   0   0   0   0   0   1   0   0   0   0   0   0   0   0   0   0   0   0   8  36  36  52   8  72  60   8  12  23  20  48  36  56  76  56  56  48  64  24  40  52  44  48  68  32  40  56  52  68
   8  24  28   8   0   0   0   0   0   0   0   0   0   0   0   0   0   0   0   0   8  24  28  36  32  12  28   4   8  20  44  48  56  76  84  91  72  80  76  64  72  67  37  56  44  20  24  36  64  60
   1   5   4   0   0   0   0   0   0   0  24   0   1   8   4   0   4   0   0   0   0  44  44  56  13   4  12   8  16  40  48  40  44  44  56  56  36  84  56  36  93  73  48  52  68  48  44  44  32  84
   8   4  16   0   0   0   0   0   0   0   8  12   0   0   0   0   8   0   0   0   0  28  32  20  12  20  20  12  16   0  12  32  29  16  52  17  20  32  24  44  76  67  20  40  64  36  28  32  36  56
  12  24  48  12   0   0   0   0   0   0   0   0   0   0   0   0   0   0   0   0  24  24  48  16   0   4  20  52  12  12   0  36  44  56  60  60  28  76  72  80  88  93  52  36  56  32  40  32  36  60
   0  51  56  20  12   8   0   0   0   0   0   0  12   0   0   0   0   0   0   1  32  33  24   0   1   0  28  36  20  16  24  45  36  64  52  44  60  48  85  72  88  96  52  40  36  24  44  40  60  52
   4  36  72  52  16   0   0   1   0   0   0   0   0   0   0   0   1   0   0   4  16   8   4   0   0   0   0   0  40  20  16  24  56  59  72  53  28  64  80  56  60  68  44  44  48  12  56  44  36  68
   0  32  68  32  32   8   0   0   1   0   0   0   0   8   0   0   0   0   0   0   0   0   0   1   0   0   0   0   1  12  32  40  60  48  76  97  56  80  68  72  61  80  68  76  48  20  60  68  76 100
   8  24   8  16  48   0   0   0   0   0   0   1   0   0   0   1   0   0   4  24   8   0   0   0   1   0   0   4  16  52  72  92  92  64  92  96  80  56  52  56  32  68  60  64  64  28  51  76  76  96
  24   0   0  12   4   1   0   0   0   0   0   0   0   0   0   0   0   0   0   0   0  12   3   0   0   0   4  32  19  16  40  76  80  64  56  64  56  44  64  32  32  40  48  40  56  19  44  48  60  68
  32  11  12   0   5   0   0   0   0   0   0   0   0   0   0   0   0   0   0   0   0   0   0   0   0  12  16   8  32  64  64  64  64  56  52  76  68  96  57  32  24  48  40  32  32  48  96  96  63  64
   5   0   0   0  28   8   4   1   0   0   0   0   0   0   0   0   0   0   0   0   0   0   0   0   5  28   4   0  24  96  64  72  96  76  96  76  40  56  44  16  84  24  36  40  24  44  80  73  37  52
   8   0   4  48   0  28   0   0   0   0   0   0   0   0   0   0   0   0   0   0   0   0   0   4  24   0   4   8  40  76  36  36  71  20  52  56  48  64  64  44  80  44  28  56  40  16  56  76  51  56
   0   8  24  84  56  44   8  12   8   0   0   0   0   0   0   0   0   0   0   0   0   0   0  28  20  20   0   4  60  96  64  52  84  56  60  80  76  56  28  56  76  24  16  64  32  43  40  44  47  84
   1  32  72  56   4  45  28   8   0   0   0   0   0   0   0   0   0   0   0   0   0   0   0  16  21  24  24  44  96  64  52  72  60  40  24  65  44  44  80  56  88  80  36  96  96  40  24  76  60  88
   0   8  39  52  21  20  12   0   0   0  16   1   0   0   0   0   0   0   0   0   0   1   4  16  17  24  36  60  81  68  44  56  36  12   0  20  28  32  67  52  68  52  36  37  48   8  28  72  52  64
   0   0  28  36  13   8  20   8   4   1   1   0   0   0   0   0   0   0   0   0   0   0   0  24   0  48 100  80  96  60  52  44  32  12  68  44  24  32  36  28  48  92  72   8  12   0  24  44  48  56
   0   0   0  48  24   4   4   0   4   8   0   0   0   0   0   0   0   0   0   0   0   0   8  31  56  84 100  80 101 100  75  60  68  24  52  16  19  40  72  52  92  79  56  23   8   0   0  35  52  80
   0   0   0   8  32   0   8   0   1   4   0   1   0   0   0   0   0   0   0   0   0   0  23  12  32  80  80  64  80  80  64  81  80  60  48  69  45  12  68  64  52   4  20  44  32   0   4  20  24   0
   0   0   0  12  20   4   8   0  13  12   1   4   0   0   0   1   0   0   0   1   4   4  15  33  56 100 100  80  96 100  80 100 100  76  80  96  76  84  96  80  96  68  16  84  36  28   0   1   0   0
   0   0   0   0   4   8  12  16  32  20   5   4   0   0   0   0   0   0   0   0  16  20   0  12  56  80  80  64  81  80  64  68  60  60  80  81  64  75  68  60  76  48   4  52   0  24   0   0   0   0
   0   0   0   0   8  12  20  44  32  20  20   8   0   8   0   0   0   0   0   8   0  20  40  32  52 100 100  80  96  92  80  96  52  72  80 100  72  76  80  76  88  84   4   4   0   0   0   0   0   0
   0   0   0   0  16  44  20  16  40  32  24   1   0   0   0   0   8   0   0   0  44  28  48  60  24  72 100  80  97  92  80  76  68  36  56  79  76  76  52  72  80  24  12   0   0   0   0   0   0   0
   0   0   0   0   0  16   0  20  20  20   0   0   0   8   0   1   4  12   8   0   0  16  48  76  52  32  40  44  68  80  64  60  32  32  36  56  44  20  16  24  24   0   0   0   0   0   0   0   0   0
   0   0   0   0   0   0  20  24  28   4  12   0   0   0   0   0   0   0   0   4   0   1  28  60  40  60  88  44  68  80  80  76  76  60  56  64  80  16  15   0   4   0   0   0   1   0   0   0   0   0
   0   0   0   0   0   0   0  32  32   8   0   4   0   0   0   0   0   0   0   0   0   0  28  76  80  68  56  72  88  84  80  84  76  60  84  76  80  91  44   8   4   1   0   0   0   0   0   0   0   0
   0   0   0   0   0   0   0   0  24   8  12   0   0   0   0   0   1   0   0   1   0   0  20  72  64  72  72  49  72  80  64  72  56  48  52  52  40  44   8   0   0   0   0   0   1   0   0   0   0   0
   0   0   0   0   0   0   0   0   5   4  20   4   0   1   0   0  16   0   0   0   0   0   0  44  72  76  48  52  97 100  80  96  64  64  97  68   8  64  48   5   9  44   0   1   0   0   1   0   0   0
   0   0   0   0   0   0   0   0   0  24   8   0   0   0   0   4   4   0   0   0   0   0   0   4  63  77  32  24  80  95  76  92  40  31  88  64  48  12   0   0  24  40   1   0   0   0   0   0   0   0
   0   0   0   0   0   0   0   0   0   0   4   0   0   0   0   0   1   0   0   0   0   0   0   0   8  40  44  52  56  80  64  64  24  60  24  63  60  24   4  28  32  16   0   0   0   0   0   0   0   0
   0   0   0   0   0   0   0   0   1   0   0  24   0   0   0   1   0   0  20   0   0   0   0   0   8  16  56  40  76  84  68  28  77  68  24  72  16  28  40  37  32  20   0   0   0   0   0   0   0   0
   0   0   0   0   0   0   0   0   0   1   0   1   8   0   0   8   0   0   0   0   0   0   0   0   1   0   8   0  84  88  68  28  52   4   0  12  32  56  96  44  64  11   0   0   1   0   0   0   0   0
   0   0   0   0   0   0   0   0   0   0   0   0  16   4   0   4   0   0   4   0   0   0   4   0   0   0   4  56  64  52  40  76   0   0   4  16  12  20  20   0  52  20   0   0   0   0   0   0   0   0
   0   0   0   0   0   0   0   0   0   0   1   0   0  20  12  12   0   1   0   0   0   0   0   0   0   0   0  24  76  32   8  24   4   0  20  24  52   8  31  12  76  52   0   0   0   0   0   0   0   0
   0   0   0   0   0   0   0   0   0   0   0   0   0   0  56  40   0   0   0   0   0   0   0   0   0   0   0   8  28  64  12   0   8  16  12  28  52  20  88  64  80   0   0   0   0   0   0   0   0   0
   0   0   0   0   0   0   0   0   0   0   0   1   0   0   0  24  37   7   0   0   0   0   0   0   0   0   4   0  52  48  48  52  24  28  28  12   8  68  72  64   0   0   0   0   0   0   0   0   0   0
   0   0   0   0   0   0   0   0   0   0   0   0   0   0   0   0   0  40  16   0   0   0   0   0   8   0   0  20  20  40  56   3   8  36  64  64  12  68  88  69   0   0   0   0   0   0   0   0   0   0

