   0   0   0   5   0   1   0   0   1   0   0   0   0   0   0   0   0   1   0   1   8  28  20   4  12  16  20   0   9   4   0   0   1   0   4  24  20  12  36  16   8  16   4  36  40  44  28  29  32  12
   0   0   0   1   0   0   0   0   0   0  12   8   0   0   0   0   0   0   0   0   0   0   0   5   4  44  48  16   8   0   0   0   0   0   1  16   0   0  20   4   0  12   0  15   8   8   8  24  23  36
   0   0   0   0   0   0   0   0   0   0   0   0   0   0   1   0   4   0   0   0   1   0   0   0   0   0   0   0   0   0   0   0   0   0   8   8   4  16  28   4   0   8   7   1  12  12  16  20   8   4
   0   0   0   0   0   0   0   0   0   0   0   1   1   0   0   0   0   4   0   0   0   0   0   0   4   0   0   0   0   0   0   0   0   0  16   0   9   8  25  16   0   0   8   1  12   8  16  20   8  32
   1   0   0   0   0   0   0   0   0   0   0   0   0   0   0   0   0   0   0   0   0   0   0   0   0   0   0   0   0   0   0   0   0   0  20  16   8   4   4   0   8  24  16  33  24  20   8  20   1  24
   0   0   0   0   0   0   0   0   0   0   0   0   0   0   0   0   0   4   0   0   0   0   0   4   0   0   0   0   4   4   8   0  32   4  12  16  12  36   0   0   4  12  56  23  24   4   4  12  20  28
   0   0   0   0   0   0   0   0   0   0   0   1   0   0   0   0   0   0   0   0   0   1   0   0   0   0   1   0   4  12  24   8  12  20  12  44  48  44   8   0   8  16  40  20  12   4  32  20   0  36
   0   0   0   0   0   0   0   0   0   0   0   0   1   0   0   0   0   0   0   0   0   0   0   0   1   0   0   0   0   4  12   5   0   8  16  20  12   0  25   8  20  32   0  16  36   0  24  29  12   0
   0   0   0   0   0   0   0   0   0   0   0   0   0   0   0   0   0   0   0   0   0   0   0   0   0   4   0  28  56   4  16   0   0   4   4   8   0   0   4  12  24   4   0  20  12  12   0   0   0   0
   0   0   0   0   0   0   0   0   0   0   0   0   0   0   0   0   0   0   0   0   0   0   0   8   4   4  20   8   4   8   8  12   0  32  11   8   0   4  64  24  12  12  12  20  16   3   0   0   4   0
   0   0   0   0   0   0   0   0   0   1   0   0   0   0   0   0   0   0   0   0   0   0   0  24  32   4   8  12   4   0   0   9   4  16  36  36  12   4   8   0   4  20  12  16   4   0   0  12   0   4
   0   0   0   0   0   0   0   0   0   0   0   0   0   0   0   0   0   0   0   0   0  12   8  36  12  12  16  24   8   0  12   0  48  12  44  12   0   4  24   8   8   0   0   0  28   4   0   8  12   4
   0   0   0   0   0   0   0   0   0   0   0   0   0   4   0   0   0   0   0   0   4  12   0  36  12   8  16   4   8  20  11   4   1  16  16   0   0   8  28   0   0   0   0   8   9   0   0   0  16   0
   0   0   0   0   0   0   0   0   0   0   0   1   0   0   0   0   0   0   0   0   4   4   4   8  24   0   0  20  28  12  12  24  20   0   0   4   0   4   0   0   0   1  12  12   8  12   4   8   4   4
   0   0   0   0   0   0   0   0   0   0   0   0   0   0   4   0   0   0   1   0   4  24  16  20   8  68  40  40   0   0  12  44   0   4   8   4   4   4  16   0   0   0  28   8   4  24   4  12   0  12
   0   0   0   0   0   0   0   0   0   0   8   0   0   0   0   1   0   0   0   0   0  12  20  16  28  40  28  20  13   4   8  20  17  28   4   1   1   0  36  20   0  16  20  17  12   0  15  28  16   4
   0   0   4   0   1   0   0   0   0   0   0   0   0   0   0   0   0   0   0   0   4  28  24  32  29   8  24  37   4   0   4   4  20  16   4  19   8   0  45   8   0   4   4  12   0  20  24  28   8  16
   0   3  12   4   0   0   0   0   0   0   0   0   0   0   0   0   0   0   0   0  24  36  29  28   0  20  72  16   4   8   0   0  16   4   4   8  16  24   8   0   4   0   4   0   7   0   0  12  16  32
   0   0   0   4   0   8   0   0   0   0   0   0   0   0   0   0   0   0   0   0  24  25   8   0   0   0  13   0   4  12   0  28  35  12   0   8  17  24   8   0   0   0   0   0   0   0   0   0   0  44
   0   0   0   1  24   4   0   0   0   0   0   0   0   0   0   0   0   0   0   0  12  12   0   0   0   0   0   9   4   0   0  28  20   0   9   0   0   0   0   0   0   5   0   0   0   0   1   0   0   4
   0   0   0   4   4   0   0   0   0   0   0   0   0   0   0   0   1   0   0   0   0   0   0   0   0   0   0   0   0  12  32  28  20  28  12   0  20  12  16   0   0   4   0   0   0   0   0   0   0   0
   0   0   1  12  12   0   0   0   0   0   0   0   0   0   0   0   0   0   0   0   0   0   0   0   0   0   0  16   8  20   4   4   8  12   0   0   0  16  24   8   0   0   0  13   4   0   0   0   0   1
   0   0   0   0  15   0   0   0   0   0   0   0   0   0   0   0   0   0   0   1   0   0   0   0   0   0  12   0  12  16   8   5   0   0   0   0   0  21   0   0   4   0   0   0   0   0   0   0   0   0
   0   0   0   0  13   0   0   0   0   0   0   0   0   0   0   0   0   4   0   0   0   1   0   0   0   5  16  25  44  32   5   4   0   0   1   0   0   0   0   1   0  12  16   0   0   0   0   0   0   0
   0   0   0   1  20  12   0   0   0   0   0   0   0   0   0   0   0   0   0   0   0   0   0   0   4  36  72  20  40   4   8   0   0   0   4   4   1   0   0   0   0   0   1   8   0   0   5   0   0   0
   0   0   0   1  12  12   4   0   0   0   0   0   0   0   0   0   0   0   0   0   0   0   0   0  28  68  51   8   0   0   0   0   4  28   4  12   8   0   0   0   0   0   0   0   0   0   0   0   0   8
   0   0   0   0   0  24  12   0   7   0   0   0   0   0   0   0   0   0   0   0   0   0   0   1  40  72  40   8   0   4   0   8   0  12  16   0   4   0  20   0   0   4   0   1   0   0   4   0   0   4
   0   0   0   0  12  24  12   8   4   0   0   0   0   0   0   0   0   0   0   0   0   0   0   8  32  60  28  12   4  32  16  20  21   8  24  29  24   0  12   0   4   4   0   0   0   0   0   4   4   8
   0   0   0   0   4   8   8   4   0   4   0   0   0   0   0   0   0   0   0   0   0   0   0  16  32   8  12   0   0   4   8  16  40  40  44  49  20   0   0   0   0   0   0   0   0   0   0   0   8  16
   0   0   0   0   4   8  12  12   0   0   0   0   0   0   0   0   0   0   0   0   0   0   0  48  80  24   0   0   0   4   8  48  60  48  16  52  45  20   0   0   0   0   4   0   0   0   0   4   8  12
   0   0   0   0   0   4   1   0   0   0   0   0   0   0   0   0   0   0   0   0   0   0   0  20   0   4   0   0   0   0   0  20  28  24  44  44  28  48   8   0   0   0   0   0   0   0   0  12   4   0
   0   0   0   1   0  16  12   0   0   0   0   0   0   0   0   0   0   0   0   0   0   0   8  20   0   0   0   0   0   0   0   0   0   4  24  13  20  59   4   0   0   0   0   1   0   0   0   0   0   0
   0   0   0   0   0  16  20   0   1   0   0   0   0   0   0   1   0   0   0   0   4  16  44  36  16   0   0   0   0   0   0   0   0   0   0   0   4  16   4   0   0   0   0   0   0   0   0   0   0   0
   0   0   0   0   0   4   0   0   0   0   0   0   1   0   0   0   0   0   0   0   0  16  28   8   4   0   0   0   0   0   1   0   0   0   0   0   0   0   0   0   0   0   0   0   0   0   0   0   0   0
   0   0   0   0   0   0  12   0   0   0   0   0   0   0   0   0   0   0   0   0  28  37  28  28  12   0   0   0   4   0   0   0   0   0   0   0   0   0   0   0   0   0   0   0   0   0   0   0   0   0
   0   0   0   0   0   0   4   5   0   0   0   0   0   0   0   0   0   4   0   4  24  36  32   8  44  20   0   0   4   7   0   0   0   0   0   0   0   0   0   0   0   0   0   0   0   0   0   0   0   0
   0   0   0   0   0   1   0   0   0   0   0   0   0   0   0   0   0   8   4   0   0  16  20   4  12  40  36  16  12   0   0   0   0   0   0   0   0   0   0   0   0   0   0   0   0   0   0   0   0   0
   0   0   0   0   0   0   0   0   9   0   0   0   0   0   0   0   0   0   0   0   0   1  20  36  36   8  12  36  20  20   0   0   0   0   0   0   1   0   0   0   0   0   0   0   0   0   0   0   0   0
   0   0   0   0   0   0   0   1   0   0   0   0   4   0   0   0   0   0   0   0   0   1   7  16   0   8   0   8  12  16   0   0   0   0   0   0   0   0   1   0   0   0   0   0   0   0   0   0   0   0
   0   0   0   0   0   0   0   1   0   0   0   0   0   0   0   0   0   0   0   0   0   0   0   8   0   8   0   0   4   0   0   0   0   0   1   0   0   0   0   0   0   0   0   0   0   0   0   0   0   0
   0   0   0   0   0   0   0   0   0   0   0   0   0   0   0   0   0   0   1   0   0   0   4  24   9  16  40   0   0   0   0   4   3   8   0   0   0   0   0   0   0   4   0   1   0   0   0   0   0   0
   0   0   0   0   0   0   0   0   0   0   0   0   0   0   0   0   0   0   0   0   0   0   0  11  12  20  64  52   4   0   0   0   0   0   4   0   4   0   0   0   0   0   0   0   0   0   0   0   0   0
   0   0   0   0   0   0   0   0   0   0   0   0   0   0   0   1   0   0   0   0   0   0   0   0  16  32  20   0  20   0   0   0   0   0   0   0   4   0   0   0   8  16   0   0   0   0   0   0   0   0
   0   0   0   0   0   0   0   0   0   0   0   0   0   1   0   0   0   0   0   0   0   0   8   0   4  32  32  29   8   0   1   0   0   0   0   4  20  36  16   8  16   8   0   1   0   0   0   1   0   0
   0   0   0   0   0   0   0   0   0   0   0   0   1   0   0   0   0   0   0   0   0   0   0   1   0   0  19  20  12   0   0   0   0   0   0   0   0  12   0   4   8   4   0   0   0   0   0   0   0   0
   0   0   0   0   0   0   0   0   0   0   0   1   0   0   0   0   0   0   0   4   0   0   4   0   0   0   1   0   8   0   0   0   0   0   0   0   0   0   0   0   0   0   0   0   0   0   0   0   0   0
   0   0   0   0   0   0   0   0   0   0   0   0   0   0   0   0   0   0   0   0   0   0   0   0   0   0   0  20  12   1   0   0   0   0   0   0   0   0   0   0  12   8   0   0   0   0   0   1   0   0
   0   0   0   0   0   0   0   0   0   0   1   0   0   0   0   8   8   0   0   0   0   0   8   0   0   0   0   4  25   0   0   0   0   1   0   0   0   0   0  12   9   0   0   0   1   0   0   0   0   0
   0   0   0   0   0   0   0   0   0   0   0   0   0   0   1   5   0   0   0   0   0   4   0   4   1   0   4   0   4   0   0   0   0   0   0   0   1   0   8   0   8   0   0   0   0   1   0   0   0   0
   0   0   0   0   0   0   0   0   0   0   0   0   0   0   0   1   0   0   8   0   1   0   0   8  16   0   0   0  20   0   0   0   0   0   0   0   0  11   0   0   0   0   0   0   0   0   0   0   0   0

