   0   0  16   4   0   0   0   0   0   0   4   0   0   0   0   0   0   0   0   1  12   0   0   0   1   0   0   0   0   0   0   0   0   0   0   0   0   0   0   0   0   0   0   0   0   0   0   0   0   0
   5   0   4   0   0   0   0   0   0   4   4   4   0   0   0   0   0   0   0   0   0   0   0   0   4   4   0   0   4   0   0   0   0   0   0   0   0   0   0   0   0   0   0   0   0   0   0   0   0   0
  40  12   4   4   0   0   0   0   0   0   0   0   0   0   0   0   3   4   0   0   8   0   0   0   0   0   0   0   0   0   0   0   0   0   0   0   0   0   0   0   0   0   0   0   0   0   0   0   0   0
   4   0   0   8   0   0   0   0   4   0   0   0   0   0   0   0   0   8   4   0   0   0   4   0   0   0   0   0   0   0   0   1   0   0   0   0   0   0   0   0   0   0   0   0   0   0   0   1   0   0
  48   4   0   0   0   0   0   8  20   4   0   0   0   0   1   0   0   4   0   0   0   0   0   0   1   0   0   0   1   0   0   0   0   0   0   0   0   0   0   0   0   0   0   0   0   0   0   0   0   0
  73  20   0   0   0   0   8   4  12   4  12   0   0   1   0   0   4  20   0   0   0   0   0   0   0   0   0   0   0   0   0   0   0   0   0   0   0   0   0   0   0   0   0   0   0   0   0   0   0   0
  60  64  48   4   0   0   0   0   0   0   0   0   0   0   0   0   0   0   0   0   0   0   0   0   0   1   4   8  16   0   0   0   0   0   0   0   0   0   0   0   0   0   0   0   1   0   0   0   0   0
  48  64  56  17   0   0   0   0   0   0   0   0   0   0   0   0   0   0   0   0   0   0   0   0   0   0  20  17   8   0   0   0   0   0   0   0   0   0   0   0   0   0   1   0   5   0   0   0   0   0
  84  68  68  28   9   0  12   0   0   8   0   0   0   0   0   0   0   0   0   0   1   4  12   0   0   4   8   0   1   0   0   0   0   0   0   0   0   0   0   0   0   0   0   0   0   0   0   0   0   0
  72  40  84  32  12   4   4   0   0   0   0   8   4   0   0   0   0   0   0   0   0   0  24   8   0   4   0   0   0   0   0   0   0   0   0   0   0   0   0   0   0   0   0   0   0   0   0   0   0   0
  24  28  32  48  24  24   0   0   0   0   0   8   8   0   0   0   0   0   0   0   0   0   0   0   0   0   0   0   0   0   0   0   0   0   0   0   0   0   0   0   0   0   0   0   0   0   0   0   0   0
  44  52  31  20   0   8   0   0   0   0   0  24  44   9   0   0   0   0   0   0   0   0   4   0   1   0   0   0   0   0   0   0   0   0   0   0   0   0   0   0   0   0   0   0   0   0   0   0   0   0
  60  40  24   0  16   4   8   8  20   0   0   5  32  24   0   0   0   0   0   1   0   4   0   0   0   0   0   0   0   1   0   4   0   0   0   0   0   0   0   0   0   0   0   0   0   0   0   0   0   0
  64  40  44   4  13   8   8   4  32  12   0  12   0   0   0   0   0   0   0   0   5   0   0   0   0   0   0   0   0   0   1   0   0   0   0   0   0   0   0   0   0   0   0   0   0   0   0   0   0   0
  48  32  56  24  24  36  20  48  40  32   4  32   8   8  16   0   0   0   0   0   0   0   0   0   0   0   0  12  20   0   0   0   0   0   0   0   0   0   0   0   0   0   0   0   0   0   0   0   0   0
  49  32  40   8   4  24  60  24  36  44  16   0  28  23  20  28  16   1   0   0   0   0   0   0   0   0  16   0  12   0   0   0   0   0   0   0   0   0   0   0   0   0   0   0   0   0   0   0   0   0
  40  32  16  12  41  44  28  37   8   0  12  36  12  24  28   4  12   0   0   0   4   0   0   1   4   0   0   0   4   0   0   1   0   0   0   0   0   0   0   0   0   0   0   0   0   0   0   0   0   0
  37  24  16  48  60  48  64  28  20   4   0  28  24  16  20   0   0   0   0   0   4   0   0  12   0   0   0   0   3   4   0   0   0   0   0   0   0   0   0   0   0   0   0   0   0   0   0   0   0   0
  28  12   0  48  52  36  24   0   5   0   0   4  28  48   8   0   0   0   0   0   4   0  15   4   0   0   0  12  16  12   0   1   0   0   0   0   0   0   0   0   0   0   0   0   0   0   0   0   0   0
   0   4   0  24   8  20  12  13   4   0   0   0   0  12   4   0   0   0   0   1   0   0   0   0   0   0   0   8   5   4   0   0   0   0   0   0   0   0   0   0   0   0   0   0   0   0   0   0   0   0
   0   0   4  13  13  36  40   1   0   0   0   0   0  17   4   0   0   0   0   0   0   0   0   0   0   0   0   1   8   0   0   0   0   0   0   0   0   0   0   0   0   0   0   0   0   0   0   0   0   0
   0   3   0  24   4  48  20   0   0   0   0   0   0   0   0   4   0   4   0   5   0   0   0   0   0   0   4  12  16   0   0   1   0   0   0   0   0   0   0   0   0   0   0   0   0   0   0   0   0   0
   0   0   0  24  12  12   4   0   0   0   0   0   0   0   0   0   0   0   0   0   0   1   0   0   0   8  20   8   0   0   0   0   0   0   0   0   0   0   0   0   0   0   0   0   0   0   0   0   0   0
   0   0   0  13  40  24  20  16   0   0   8   4   0   0   0   0   0  28   0   0   0   8   0   0   1   0  12   4   0   0   0   0   0   0   0   0   0   0   0   0   0   0   0   0   0   0   0   0   0   0
   0   0   0   0   8  64  40   4   4   0   0   4   0   0   0   0   1   1   0   0   1   0   0   0   4   0   0   0   0   0   0   1   0   0   0   0   0   0   0   0   0   0   0   0   0   0   0   0   0   0
  24   0   0   0  36  31  32  24   0   0   4   4   1   0   0   0   0   0   0   0   0   0   0  20   0   0   0   0   0   0   0   0   0   0   0   0   0   0   0   0   0   0   0   0   0   0   0   0   0   0
  40   0   0  12   8  15  40  32  24   0   0   0   0   4  12   0   0   0   0   0   0   1   0  16   4   0   0   0   0   1   0   0   0   0   0   0   0   0   0   0   0   0   0   0   0   0   0   0   0   0
   1  40   8  12  52  16  48   4  16   4  24   1   0   0   0   0   0   0   1   1   1   0   0  29   8   4   0   0   0   0   1   0   0   0   0   0   0   0   0   0   0   0   0   0   0   0   0   0   0   0
   0  36  32  21  41  48  36   4   4  20  16   0   0   0   0   0   0   0   0   0   0   0  12  16   0   0   0   0   0   0   0   1   0   0   0   0   0   0   0   0   0   0   0   0   0   0   0   0   0   0
   0  25  52  64  60  56  36  40  32  24   0   4   0   0   0   0   0   0   0   0   0   0  12   0   0   0   0   0   0   0   0   0   0   0   0   0   0   0   0   0   0   0   0   0   0   0   0   0   0   0
   0   0  60  44  40  56  97  24  57  40   0  12   0   0   0   0   4   0   0   0   0   1  16  12   0   0   0   0   0   0   0   0   0   0   0   0   0   0   0   0   0   0   0   0   0   0   0   0   0   0
   0   0  20  64  28   8  40  16  36  24   0  13   1   0   0   0   0   0   0   0   1   0  12   0   0   0   0   0   0   0   0   0   0   0   0   0   0   0   0   0   0   0   0   0   0   0   0   0   0   0
   1   0   0  76  40  20  40  40  60  60  40   5   8  20   0   0   1   0   0   0   0   0  16   0   0   0   0   0   0   0   0   0   0   0   0   0   0   0   0   0   0   0   0   0   0   0   0   0   0   0
   0   0   0  40  52  52  16  16  28  43  40  24   0   8   0   1   0   0   0   0  16   4   0   4   0   0   0   0   0   0   0   0   0   0   0   0   0   0   0   0   0   0   0   0   0   0   0   0   0   0
   0   0   0   0  68  60  32   8  40  44  68  72  12  21   0   1   0   0   0  24   8   0   0   0   0   0   0   0   0   0   0   0   0   0   0   0   0   0   0   0   0   0   0   0   0   0   0   0   0   0
   0   0   0   0  40  33  52  48  36  36  52  72  28  12   0   0   0   0   0   4  16   0   0   0   0   0   0   0   0   0   0   0   0   0   0   0   0   0   0   0   0   0   0   0   0   0   0   0   0   0
   0   0   0   0  49  32  48  44  20  32  52  52  56  29   0   0   8   0   8   0   0   8   0   0   0   0   0   0   0   0   0   0   0   0   0   0   0   0   0   0   0   0   0   0   0   0   0   0   0   0
   0   0   0   0   1  40  52  36  20  68  80  96  44  48   0   0  12   0   8  16   4   0   8   0   0   0   0   0   0   0   0   0   0   0   0   0   0   0   0   0   0   0   0   0   0   0   0   0   0   0
   0   0   0   0   0   0  36  28  52  56  68  80  36  60   0   0  24   0   0   1   7   0  24   0   0   0   0   0   0   0   0   0   0   0   0   0   0   0   0   0   0   0   0   0   0   0   0   0   0   0
   0   0   0   0   0   0   0  36  52  35  60  60  20  32   8   4  12   0   0   0   0   0  16   0   0   0   0   0   0   0   0   0   0   0   0   0   0   0   0   0   0   0   0   0   0   0   0   0   0   0
   0   0   0   0   0   0   0   0  80  56  44  92  60   4  20   8  32  12   8   0   1   0   4   4   0   0   0   0   1   0   0   0   0   0   0   0   1   0   0   0   0   0   0   0   1   0   0   0   0   0
   0   0   0   0   0   0   0   0  28  40  85  96  64  47  20  24  12   0   0   0   0   4  20   8   0   0   0   0   0   0   0   0   0   0   0   0   0   0   0   0   0   4   0   0   0   0   0   1   0   0
   0   0   0   0   0   0   0   0   0  28  72  56  27  20   0   8   4   0   0   0   0   0  48  52  32   0   1   0   0   0   0   0   0   0   0   4   0   0   0   0   0   0   0   0   0   0   0   0   0   0
   0   0   0   0   0   0   0   0   0   0  44  48  11  20   0  20   0   4   8   0   0   0   4  12  20  16   8   0   0   0   0   0   0   0   0   0   8   4   0   0   4   0   0   0   0   0   0   0   0   0
   0   0   0   0   0   0   0   0   0   0   0  32  60  36  32  40  20   0   0   0   0   0   0   1   4   5  31  25   4   0   0   0   0   0   0   0   0   0   0   0   0   0   0   0   0   0   0   0   0   0
   0   0   0   0   0   0   0   0   0   0   0   0  32  32  40  51  44   4   0  16   0   0   4   0   0   0   8   4   1   0   0   0   0   0   0   0   0   0   0   0   0   0   0   0   0   0   0   0   0   0
   0   0   0   0   0   0   0   0   0   0   0   1   0   7   1  32  60  28   0   0   0   0   0   0   4   0   8   8   0   0   0   0   0   0   0   1   0   0   0   0   0   0   0   0   0   0   0   0   0   0
   0   0   0   0   0   0   0   0   0   0   0   0   0   4  16  12  41  33   4   0   0   0   8   4   0   0   8  24   0   0   0   0   0   0   0   0   0   0   0   0   0   0   0   0   0   0   0   0   0   0
   0   0   0   0   0   0   0   0   0   0   1   0   0   0  32  29  40  24   0   1   0   4   0   4   0   0  20  21  12   0   0   0   0   0   0   0   0   0   0   0   0   0   0   0   0   0   0   0   0   0
   0   0   0   0   0   0   0   0   0   0   0   0   0   0   0  32  60  28  16   4   0   1   0   0   0   0  16   8  17   0   0   0   0   0   0   0   0   0   0   0   0   0   0   0   0   0   0   0   0   0

