   0   0   0   1   0   0   0   0   1   0   0   0   0   0   0   0   0   0   0   0   0   4   8   5   0   0   0  40  36  20  16  12  16  20  65  16   0  12   0   0   1   4  12  24   4   8  48  16  24   0
   0   0   0   0   0   0   0   0   0   0   0   0   0   0   0   0   0   0   0   0   1   0   0   0   1   0   0   0  12   8   0  16  12   8  40  32   0   0   0   0   0   0  20  20  24  31  12   4   8  12
   0   0   0   0   0   0   0   0   0   0   0   0   0   0   0   0   0   1   0   0   0   0   0   0   0   0   0   0   0   0   4   0   4   0   8  16   8   4   0  12  16   8  12  12  20  16   8   8   0   0
   0   0   0   0   0   0   0   0   1   0   0   0   0   0   0   0   0   0   0   0   0   0   0   0   1   0   1   0   0   0   0   0   5   4  32  77   4   0   4   5  12  24   8  16  16  20  24  24  32  16
   1   0   0   0   0   0   0   1  20   8   0   0   0   0   0   0   0   0   0   0   0   0   0   0   0   0   0   0   0   0   0   4   8  28  32   0   4  16  28   0  41  27   8   4   4   0  24  12  28   8
   0   0   0   0   0   1   0   0   0   0   0   0   0   0   0   0   0   0   0   0   0   0   0   0   0   0   0   0   0   8   8  12  12  24  28   8   8  40  36   0  32  15   4  44  28  16  20   8  12  32
  36   0   0   0   0   0   0   0   0   0   0   0   0   0   0   0   0   0   0   0   0   0   0   1   0   0   0   0  11  20  24  48  24   4  20   0   0   8  44  33  28  20  28  27   8  20   8  12   0   8
  24   0   0   0   0   0   0   0   0   0   0   0   0   0   0   0   0   0   1   0   0   0   0   0   0   0   0   0   0   7   4   8   0   8   4   0   0   8  23  28  16  16  24  36  12   4   0   0   0   4
   8   8   0   0   0   0   0   0   0   0   0   0   0   0   0   0   0   0   0   0   1   0   0   0   0   0   0   0   9  32   8   9  12   0   4  13  16   0   4  12   0  44  48  32  16   4   4   8   4  12
  12  12   0   0   0   0   0   0   0   0   0   0   0   0   0   0   0   0   0   0   0   0   0   0   4   0   4  52   8   0   0   0   0   0  12   0  16  16   4  24  40  16   4  11   0   0  48  24  12  32
   8   0   0   0   0   0   0   0   0   0   0   0   0   0   0   0   0   0   0   0   0   0  12  20   8  16  32  28  16   0   0   0  12   0   1   0  21  40  36  52  24  16  20  36   0   4  28  24  56  64
  24   0   0   0   0   0   0   0   0   0   0   0   0   0   0   0   0   0   0   0   0   1  40  28  16  12  52  29  32   0   4  44  20   4   4  32  80  52  16  29  28  24   0   0   4   0  16  36  32  32
  20   0   0   0   0   0   0   0   0   0   0   0   0   0   0   0   0   0   0   0   0  12  72   4  32  28  24   4  13  20  32   8   9  24   0  16  20   8  16  16  16  12   4   0   0  16  20  44   8   8
   4   0   0   0   0   0   0   0   0   0   0   0   0   0   0   0   0   0   0   0  12   4  28  16  28   8  16   4   0  20  20   9  24   8   4  20   8  24   8  23  32  28   0  20   4  20  36  16   4   4
   4   0   0   0   0   0   0   0   0   0   0   0   0   0   0   0   0   0   0   0   0   4  36  37  40  16  20   0   0   8  16   8  44   0   3   4   4  12   8  12  24  16  12  36  52  36  72  52  16   0
  16   0   4   0   0   0   0   0   0   0   0   0   0   0   0   0   0   0   0   0   0   8  16  20  28   4   4   0  16  44  20  40  36   8  40   5   4   4   8  16   8   8  12  21  16  32  40  29  32  12
   8  16  32   0   1   0   0   0   0   0   0   0   0   0   0   0   0   0   0   1   5   0   5  20   0   4   0   0   4  32  12  12  32  32   4   4   0   0   0  12   4   8  12  12  16   8  20   8  20   1
   0   4  12   8   0   0   1   0   0   0   0   0   0   0   0   0   0   0   0   0   0   0  12   0   0   0   0   0   4   8  24   8  24  16  12   8  12   1   0   0   8   8   8  32   4  28  56  52  28   8
   4  16  44  17   0   0   0   1   0   0   1   0   5   0   0   0   0   0   0   0   0  12   0   0   0   0   0   0   4  40  24  28  28   0  12   0   0   0   4   8   8   4   8  12   4   3  32  60  16   4
   0  16   8   0   0   0   0   0   0   0   0   0   0   0   0   0   1   0   0   0   0   0   0   0   0   0   0   0   0  24  40  28   0   0   0   0   0   8   0   0  21   8  13  20   0   0   8  36  28   8
   0   8  28  12   1   0   0   1   0   0   0   0   0   0   0   0   0   1   0   0   1   0   0   0   0   0   0   0   1   0  16  32  20   0   8   4   1   4   3   0  36   8  12  12   0   0  12   4   0   0
   0  32  92  36   0   0   0   0   0   0   0   0   0   0   0   0   0   0   0   0   0   0   1   0   0   0   0   0   8   8   0   4   0   4   0   0   0   0  16  16  52   0  20  20   8   0   4   4   0   0
  40  64  80  44   0   0   0   0   0   0   0   0   0   0   0   0   0   0   0   0   0   0   0   0   0   0   0   0   8  44  16   0   0   0   8   8   0  16  16  32  24  21  12  28   8   0   0   4   0   4
  68  68  88  88   0   0   0   0   1   0   0   0   1   0   0   1   0   1   0   0   0   0   0   0   0   0   4   0  16   4  12  28   0   0   0  24  12   4  24  32  60  36  15  40  24   8   0   4   0  32
  96  80 100 100  16   0   0   1   0   0   0   0   0   0   0   0   0   0   1   0   0   0   0   0   0   4  12   8  15   1   8  24   0   4   0  12  36  36  16   0  16  77  28  32  40   0   4  16   0  20
  48  64  76  32   8   0   0   0   0   0   0   0   0   0   0   0   0   1   0   0   0   0   0   0   0   0   8  32  40   4  28  44   4  12  12  12   8   0  12   0   0  37  20   0   8   8   4   0   1   8
   0  72  76   4  16   0   1   0   0   0   0   0   0   0   0   0   1   0   0   0   0   0   0   0   0   4   8  56  40   1  16  40  16   4  24  16   0  20  52  24  24  72  55   0   0  36  20  12   4   5
   1   8  20  33   8   0   0   0   0   0   0   0   0   0   0   0   0   0   0   0   0   0   0   0   0   4  20  24   0   4   7   8  16  24  36   7  12  16   4  24   8  16  40   0   0  12   0  12  16   4
   0  20   8   8   0   0   0   0   0   0   0   0   0   0   0   0   0   0   0   0   0   0   0   0  12   0   0   4   0   8  12   8   0   8  20  12  16  44  12   8   0   4   0   0   0   0   0   0   0   0
   1   0  20   0   4   0   0   1   0   0   0   0   0   0   0   0   0   0   0   0   0   0   0   0   0   4   0   0   4  36  20   8   8  12  12   4   8  12   8   4  12   8   0   0   0   0   0  28  16  28
   0   0   0   8   8   0   0   0   0   0   0   0   0   0   0   0   0   0   0   0   0   0   0   0  16   4   1   0   0   0   4  20   4  33   4  20  12   0  12  12   4   0   0   0   0   0   0   0   0   8
   0   0   0   8   0   0   0   0   0   0   0   0   0   0   0   0   0   0   0   1   0   0   0  24  28   0   0   0   0   0   0   0   0   0   4   1   0   8   4   0  20   0   0   0   0   0   0   0   0   0
   0   0   0  12  20   4   0   0   0   0   0   0   0   0   0   0   0   0   0   0   0   0   0  16   4   0   0   0   4   0   0   1   0   4  20   0   0   0   0   0   4   0   0   4   4   0   0   0   0   0
   0   0   0   0   8   4   0   0   1   0   0   0   0   0   0   0   0   0   0   0   0   0   0  36   0   0   1   0   0   0   0   0  16   4   0   0   0   1   0   4   0   8   0   0   0   0   0   0   0   0
   0   0   0   0   4  28   4   0   0   0   0   0   0   0   0   0   0   0   0   0   0   0  16  16  12   0   0   0   0   8   0   0   0   0   0   0   0   0   0   0   0   0   0   0   0   0   0   1   0   0
   0   0   0   0  20  16  12   0   0   0   0   0   0   0   0   0   0   0   0   1   0   0  12  28   1   0   0   0   0   0   0   0   0   4   0   0   4   0   9   0   1   0   0   0   0   0   0   1   0   0
   0   0   0   0   0   4   8   0   1   0   0   0   0   0   0   0   0   4   0   0   0   0   4   0   0   0   0   0   1   0   0   0   0   0   0   0   4   0   0   0   0   0   0   0   0   0   0   0   0   0
   0   0   0   0   0   0  12  16   3   0   0   0   0   0   0   0   0   0   0   0   0   0   0   0   0  20   1   0   0   0   0   0   0   0   0   0   0   0   0   1   0   0   0   0   0   0   0   0   0   0
   0   0   0   0   0   0   0  20   5   0   0   0   0   0   0   0   0   0   0   0   0   0   0   8   0   0   0   0   0   0   0   0   0   0   0   4   0   0   0   0   0   0   0   0   0   0   0   0   0   0
   0   0   0   0   0   0   0   0   4   0   0   1   0   0   0   1   1   0   0   0   0   0   0   0   0   0   0   0   4   0   0   0   0   7  16   0   0   0   0   0   1   0   0   0   0   0   0   0   0   0
   0   0   0   0   0   0   0   0  16  12   0   0   0   0   0   0   0   0   0   0   0   0   0   0   0   4   0  13   0   0   0   0  12   8   4   0   5  16   0   0   0  16   0   1   0   0   0   0   0   0
   0   0   0   0   0   0   0   0   0  16   0   0   0   0   0   0   0   0   0   0   0   0   0   0   0   0   4   4  16   0   0   4  16   0   0   8   0   0   0   0  12   4   0   0   1   0   0   0   0   0
   0   0   0   0   0   0   0   0   0   0   0   0   0   0   0   0   0   0   0   0   0   0   0   0   0   8  16   8   4   0   0   0   0   0   0  12   0   0   0   0  40   4   0   0   0   0   0   0   0   0
   0   0   0   0   0   0   0   0   1   0   0  16   0   0   0   0   0   0   0   0   0   0   0   1   0   4   4   8   0   0   0   0   1   1   0  20  21  24   4  36  40  29   0   0   0   0   0   1   0   0
   0   0   0   0   0   0   0   0   0   0   0   0   4   0   0   0   0   0   0   1   0   0   0   0   0   0   0   0   0   0   0   0   1   0   0   0   8   8   0  16  28   4   0   1   0   0   0   1   0   0
   0   0   0   0   0   0   0   0   0   0   1   0  27   4   0   0   0   0   0   0   0   0   0   0   0   0   0   0   5   0   0   0   0   0   0   0   1   0   0   0   4   0   0   0   0   0   0   0   0   0
   0   0   0   0   0   0   0   0   0   0   0   0   0  16   0   0   0   0   0   0   0   0   1   0   0   0   1   0  12   0   0   0   0   0   0   0   0   0   0   0   4   0   0   0   0   0   0   0   0   0
   0   0   0   0   0   0   0   0   0   0   0   0   0   0  12   0   0   0   0   1   0   0   5   0   0   0   0   0  12  12   0   0   0   0   0   0   0   0   0   4   4   0   0   0   0   0   0   0   0   0
   0   0   0   0   0   0   0   0   0   0   1   0   0   0   0   8   0   1   0   0   0   0   0   1   0   0   0   0   8  12   0   0   0   0   0   0   0   0   0   0   0   0   0   0   0   0   0   0   0   0
   0   0   0   0   0   0   0   0   0   0   0   0   0   0   0   0  39  24   0   0   0   0   0   0   0   0   0   0   0   0   0   0   0   0   0   0   0   0  12   0   0   0   0   0   0   0   0   0   0   0

